1 0.010000 0.930000 7 2 43.745523
2 0.010000 0.930000 2 7 43.745523
3 0.010000 2.800000 12 3 48.434735
4 0.010000 2.800000 3 12 48.434735
5 0.010000 3.730000 7 5 9.221792
6 0.010000 9.630000 7 10 45.003424
7 10.110000 10.390000 3 1 26.570691
8 10.110000 10.390000 1 3 26.570691
9 0.010000 11.040000 7 4 50.532380
10 0.010000 21.340000 10 5 12.276949
11 0.010000 25.570000 3 11 11.803428
12 0.010000 25.570000 11 3 11.803428
13 0.010000 33.910000 9 11 48.464610
14 35.230000 35.740000 10 2 32.493010
15 35.230000 35.740000 2 10 32.493010
16 0.010000 36.720000 5 4 12.247740
17 0.010000 39.570000 1 5 47.651556
18 41.750000 42.780000 7 2 36.102757
19 41.750000 42.780000 2 7 36.102757
20 0.010000 44.860000 8 3 22.547619
21 28.180000 52.690000 10 7 8.798335
22 42.920000 53.000000 4 10 16.995808
23 42.920000 53.000000 10 4 16.995808
24 25.280000 55.180000 7 5 11.165947
25 54.000000 60.460000 1 9 25.863353
26 3.530000 60.800000 4 1 7.482722
27 15.530000 63.930000 12 3 52.239359
28 15.530000 63.930000 3 12 52.239359
29 70.300000 80.990000 4 10 50.002692
30 70.300000 80.990000 10 4 50.002692
31 76.010000 81.800000 5 6 23.462339
32 76.010000 81.800000 6 5 23.462339
33 78.000000 84.520000 1 12 24.486942
34 84.380000 84.640000 7 2 17.084564
35 84.380000 84.640000 2 7 17.084564
36 69.000000 87.730000 4 1 25.195607
37 69.000000 87.730000 1 4 25.195607
38 73.300000 90.390000 20 7 11.598665
39 79.380000 91.710000 12 3 52.102530
40 79.380000 91.710000 3 12 52.102530
41 68.090000 92.440000 7 10 52.806727
42 68.090000 92.440000 10 7 52.806727
43 23.140000 98.700000 4 7 16.738996
44 53.250000 102.420000 5 4 22.657929
45 53.250000 102.420000 4 5 22.657929
46 99.330000 103.160000 9 1 46.059702
47 99.330000 103.160000 1 9 46.059702
48 48.340000 109.850000 5 1 5.770172
49 48.340000 109.850000 1 5 5.770172
50 55.920000 112.200000 3 11 7.151190
51 53.580000 114.440000 8 2 41.586119
52 53.580000 114.440000 2 8 41.586119
53 112.120000 114.620000 12 5 37.387298
54 112.120000 114.620000 5 12 37.387298
55 118.940000 121.170000 7 2 27.546185
56 118.940000 121.170000 2 7 27.546185
57 115.960000 124.970000 7 6 42.234640
58 115.960000 124.970000 6 7 42.234640
59 124.880000 127.220000 9 1 14.447751
60 124.880000 127.220000 1 9 14.447751
61 23.470000 136.160000 7 1 36.280928
62 23.470000 136.160000 1 7 36.280928
63 87.950000 144.710000 9 3 44.011372
64 87.950000 144.710000 3 9 44.011372
65 118.320000 145.150000 9 11 9.056288
66 118.320000 145.150000 11 9 9.056288
67 135.860000 146.830000 4 10 51.469299
68 101.600000 150.020000 12 3 29.339582
69 101.600000 150.020000 3 12 29.339582
70 96.070000 153.320000 4 1 26.792929
71 96.070000 153.320000 1 4 26.792929
72 160.770000 163.050000 7 2 30.425433
73 160.770000 163.050000 2 7 30.425433
74 146.740000 164.230000 5 6 30.538577
75 146.740000 164.230000 6 5 30.538577
76 154.570000 170.280000 1 4 34.352235
77 157.670000 170.660000 12 3 15.387115
78 136.010000 169.780000 10 5 37.215907
79 169.690000 172.470000 3 1 23.930469
80 169.690000 172.470000 1 3 23.930469
81 151.120000 172.530000 7 10 45.579023
82 151.120000 172.530000 10 7 45.579023
83 164.120000 174.030000 4 10 31.641279
84 164.120000 174.030000 10 4 31.641279
85 142.230000 179.760000 7 1 32.507817
86 142.230000 179.760000 1 7 32.507817
87 118.640000 180.180000 5 1 36.123754
88 118.640000 180.180000 1 5 36.123754
89 161.570000 180.280000 4 1 34.352235
90 164.590000 182.340000 9 3 16.524408
91 164.590000 182.340000 3 9 16.524408
92 180.910000 184.860000 8 2 47.215440
93 180.910000 184.860000 2 8 47.215440
94 177.630000 190.080000 5 4 14.738214
95 177.630000 190.080000 4 5 14.738214
96 142.530000 198.850000 3 11 16.296089
97 142.530000 198.850000 11 3 16.296089
